,year,storey_range,floor_area_sqm,remaining_lease,mrt_dist,shopping_dist,school_dist,hawker_dist,town_BEDOK,town_BISHAN,town_BUKIT_BATOK,town_BUKIT_MERAH,town_BUKIT_PANJANG,town_BUKIT_TIMAH,town_CENTRAL_AREA,town_CHOA_CHU_KANG,town_CLEMENTI,town_GEYLANG,town_HOUGANG,town_JURONG_EAST,town_JURONG_WEST,town_KALLANG_WHAMPOA,town_MARINE_PARADE,town_PASIR_RIS,town_PUNGGOL,town_QUEENSTOWN,town_SEMBAWANG,town_SENGKANG,town_SERANGOON,town_TAMPINES,town_TOA_PAYOH,town_WOODLANDS,town_YISHUN,flat_type_2_ROOM,flat_type_3_ROOM,flat_type_4_ROOM,flat_type_5_ROOM,flat_type_EXECUTIVE,flat_type_MULTI_GENERATION
year,1.0,0.029361439998227667,-0.023826724413219084,-0.007610169033173158,0.05359377632787923,-0.004027791752411861,0.03886853400024339,0.04636613933050695,-0.011368295577783488,-0.011343828088219115,0.009357475129286115,-0.0033956884000698913,-0.007633530804952708,-0.005335472553923517,-0.006331579900183951,0.007726447402244946,-0.0014513764667493181,-0.0024195797160732947,0.00817561268023618,-0.011905330059084002,-0.027793572352083552,-0.0015362278007363189,0.001400343944636048,-0.0029180219729620102,0.03773358222743015,0.0027440317342678484,0.014417263030349884,0.011678865874355654,-0.01568248324505187,-0.00035998174181370003,-0.0062594956578061875,-0.0038072553654499605,0.015283249540518752,0.03217761276868506,-0.012808152296948943,0.014799713807446277,-0.0004432079775948982,-0.02162772556599983,-0.000821860619694637
storey_range,0.029361439998227667,1.0,-0.00827707120846094,0.27502417409493396,0.027363922613965204,-0.033854526068550515,0.042297145816934854,-0.0013885439058504312,-0.042797510106305094,-0.005760076615556375,-0.006958989221199031,0.09674892979547531,0.03785555776349664,-0.010621877832121497,0.11693931200030291,-0.016291703942397078,0.04212332706036734,-0.028930785577090664,-0.044769027412552745,0.007142927753057501,-0.03553615425893107,0.05853231601286609,0.010447902198494242,-0.0549166572256716,0.03804300785099089,0.14509484114077378,-0.002729894051209124,0.07415276934532351,-0.04795099661922775,-0.09309383068918652,0.05696050974242459,-0.06694740059045061,-0.08435395567910148,0.0005466602524345721,-0.08986357132768227,0.04823094573588804,0.07928342230733341,-0.0742915613142348,-0.006668520553444843
floor_area_sqm,-0.023826724413219084,-0.00827707120846094,1.0,0.14457132927045063,0.028821509924152715,-0.10510284801339385,-0.1270259057757143,0.17746661046246867,-0.07477179084249821,0.06119768109089986,-0.018379185824337042,-0.08294366734808584,0.04017048666568729,0.025260716463313033,-0.058910770847083786,0.10294705054347197,-0.07081529136091244,-0.0902520484163703,0.031153772712603015,0.0036711341471692216,0.052521663046363805,-0.07740197869928456,-0.03515486361633567,0.1679406178252378,-0.013688655533734044,-0.10241939618420093,0.02775920678082246,0.030197603902956362,0.022812861526631242,0.0815434505172162,-0.08258365030038292,0.10328696967991947,-0.04849407682977191,-0.2769957762872464,-0.6771488321645968,-0.0746511949165222,0.49139540830250394,0.562748780336487,0.05402037361629614
remaining_lease,-0.007610169033173158,0.27502417409493396,0.14457132927045063,1.0,0.21113859610398264,-0.2559977636858605,-0.0894965119268976,0.5494300876249066,-0.18136976970069327,-0.05499426336919036,-0.03077683190507023,-0.05300614438380306,0.07556542436291355,-0.04424676076261634,-0.02991577547412062,0.0772145521256791,-0.07479205897751615,-0.13028401952379792,-0.02127233897289796,-0.06086132485440673,0.003219292402381555,-0.078275551853875,-0.11720033219983574,-0.0013769319030027393,0.3236881405845624,-0.0330263101454813,0.1227596537402847,0.27199966399828757,-0.07397150197830235,-0.0651840230173224,-0.1290541903084581,0.054499056121343474,0.0009250656399047584,0.03801347578767201,-0.38337467638173145,0.22704936419042634,0.13298648912451022,-0.0388465292356465,-0.01234470192838573
mrt_dist,0.05359377632787923,0.027363922613965204,0.028821509924152715,0.21113859610398264,1.0,0.011404426375198706,-0.020073963763848113,0.2629887579797463,-0.09632523499038446,0.0028796932868586935,-0.04715395416773467,-0.07617977596586119,0.08529678680821162,-0.054877558463914684,-0.09294533017349807,0.003750311457819777,-0.02611090957529975,-0.13272465109344225,0.06943892312204161,0.032864771988941194,0.014388380629826263,-0.12655648722380958,0.19898138065097074,0.10182774047401022,0.09224605351150572,-0.12382163499587787,-0.03802963843112047,0.21873726268840732,0.08853818945130099,-0.10585584630156268,-0.07695748629209848,-0.05142185794428888,0.05565053528904411,0.03484801067615202,-0.07586254933095687,0.03185162502555746,0.03194208819549076,-0.006936050303137959,-0.008621148566547929
shopping_dist,-0.004027791752411861,-0.033854526068550515,-0.10510284801339385,-0.2559977636858605,0.011404426375198706,1.0,0.10140873790518484,-0.2832199486233727,0.3090973734418543,0.010952001907382556,0.12399129679349075,0.09886941978669905,-0.10042524549801692,0.060115773309515265,-0.09957743801419046,-0.17085812078973173,-0.06155099496177806,0.1480295936760799,-0.050868889231025304,0.17408850078035232,-0.037984379222347514,0.11795345625569027,0.0382309241750747,-0.04951559342748549,-0.12367372322561279,0.0429288994633098,-0.044304415837341,-0.134203317938727,0.034705082685826186,0.023626953089981226,0.04881182649255418,-0.13813260584897022,-0.042911910130435965,0.011361142347394167,0.14362091208234534,-0.05836971577768303,-0.06663943674185448,-0.021011568030407872,-0.002057222722290457
school_dist,0.03886853400024339,0.042297145816934854,-0.1270259057757143,-0.0894965119268976,-0.020073963763848113,0.10140873790518484,1.0,-0.2557085698537847,0.02473701077880951,-0.0016708760092423052,0.009190128111351998,0.05042147209769185,-0.013440142182321717,-0.004243837935489029,0.03795476666629001,0.007278548972440355,0.03771938245206795,0.12650655360163535,-0.01490170413022402,0.08555259210063845,-0.023729198330873714,0.157576500665553,-0.034312166787464966,-0.04205098628833766,-0.1240492191718991,0.2089063140699618,0.033880548638940446,-0.11431097869604678,0.018448254033865893,-0.03130859568257228,0.008183067754716488,-0.06064589051775162,-0.08753328267715052,0.023725070014197436,0.12205436373122575,-0.045829453611426554,-0.0408750822889792,-0.0567441103774668,-0.00470239035775991
hawker_dist,0.04636613933050695,-0.0013885439058504312,0.17746661046246867,0.5494300876249066,0.2629887579797463,-0.2832199486233727,-0.2557085698537847,1.0,-0.2076260035559168,-0.08537101408946862,-0.01696564989527548,-0.18578356868881393,0.1302912304511559,-0.04807055324309011,-0.0919113130023445,-0.05474541025972427,-0.12532583486670598,-0.14578296175219507,-0.0044326407077073735,-0.1132717235898993,-0.1074230238069888,-0.15832954920415096,-0.07311040051912053,0.17425424156198896,0.6712264833965307,-0.1408653723828508,0.07344934062784843,0.3841144399095609,-0.050070055531396866,-0.055270123141026,-0.15368278669270682,0.044920455967963305,-0.03737304823300971,0.008123012157015982,-0.29883978250204835,0.12069515311857454,0.13315245459462788,0.03638390330754088,-0.0006216927286552145
town_BEDOK,-0.011368295577783488,-0.042797510106305094,-0.07477179084249821,-0.18136976970069327,-0.09632523499038446,0.3090973734418543,0.02473701077880951,-0.2076260035559168,1.0,-0.03291315071455192,-0.047046187425388804,-0.047816076562197024,-0.04719070997419584,-0.012127274063654,-0.021953808124416076,-0.05265534207768292,-0.036631204193171465,-0.03827780632541716,-0.05512700682722841,-0.03481999846927681,-0.06408988092611775,-0.0423353904121772,-0.018980639921889527,-0.042142474110194846,-0.06659588999309879,-0.040306700724494125,-0.039862940965076726,-0.0719408491373679,-0.03313525399289846,-0.0642351422266815,-0.043047405880495236,-0.06618123268144199,-0.06451958810356843,-0.005862037421147756,0.09885152107254368,-0.0389132166473146,-0.03707665244745474,-0.02263037899458876,-0.004843222140383434
town_BISHAN,-0.011343828088219115,-0.005760076615556375,0.06119768109089986,-0.05499426336919036,0.0028796932868586935,0.010952001907382556,-0.0016708760092423052,-0.08537101408946862,-0.03291315071455192,1.0,-0.02693281845879699,-0.027373561598460685,-0.027015554165625073,-0.006942574704368217,-0.012568030717300817,-0.030143925505401202,-0.02097048935211709,-0.021913129738693415,-0.03155889453123561,-0.01993361734138182,-0.03668992584715827,-0.02423599970054373,-0.010865962944580056,-0.024125559726055706,-0.038124556174305574,-0.02307462331581118,-0.022820581454104392,-0.04118441760368451,-0.018969141373934923,-0.036773084471719994,-0.024643611547486163,-0.03788717476874076,-0.03693592294137703,-0.017768775606159415,-0.042017255298009405,0.01714128242296395,0.016783646955038655,0.01568055322153839,0.018370528739185238
town_BUKIT_BATOK,0.009357475129286115,-0.006958989221199031,-0.018379185824337042,-0.03077683190507023,-0.04715395416773467,0.12399129679349075,0.009190128111351998,-0.01696564989527548,-0.047046187425388804,-0.02693281845879699,1.0,-0.039127876897311446,-0.03861613966100355,-0.009923743660677973,-0.017964792669720783,-0.043087845990906114,-0.02997530017767886,-0.03132271406358196,-0.04511040829640648,-0.028493191236595678,-0.05244472469376441,-0.03464303354735837,-0.015531850283237834,-0.03448517021230138,-0.05449539094089599,-0.03298295756309777,-0.032619829124152615,-0.0588691689347086,-0.02711456548528823,-0.05256359195965298,-0.03522567552880851,-0.05415607702366275,-0.0527963539103381,-0.009748280161467409,0.04107392354190136,-0.002107683850308405,-0.04120874839023425,0.010369671002812388,-0.003963206798214666
town_BUKIT_MERAH,-0.0033956884000698913,0.09674892979547531,-0.08294366734808584,-0.05300614438380306,-0.07617977596586119,0.09886941978669905,0.05042147209769185,-0.18578356868881393,-0.047816076562197024,-0.027373561598460685,-0.039127876897311446,1.0,-0.03924807495815487,-0.010086141144065032,-0.018258778207727498,-0.0437929586976371,-0.03046583212601026,-0.03183529581807945,-0.04584861930148603,-0.028959469156371452,-0.05330295840055949,-0.035209950797274375,-0.01578602184233732,-0.03504950410162155,-0.05538718285407047,-0.033522708435959836,-0.033153637567760415,-0.05983253570545196,-0.02755828283113066,-0.0534237708743748,-0.03580212744575483,-0.055042316221234885,-0.05366034186692031,0.022364741623841538,0.055134824513977214,-0.01630678229593757,-0.01187401221983028,-0.05650337234084195,-0.004028062847723685
town_BUKIT_PANJANG,-0.007633530804952708,0.03785555776349664,0.04017048666568729,0.07556542436291355,0.08529678680821162,-0.10042524549801692,-0.013440142182321717,0.1302912304511559,-0.04719070997419584,-0.027015554165625073,-0.03861613966100355,-0.03924807495815487,1.0,-0.009954228696895181,-0.018019979237803522,-0.04322020879575756,-0.030067382172415523,-0.03141893521814773,-0.04524898426911586,-0.028580720297854953,-0.05260583116591469,-0.034749454487728926,-0.015579563024980488,-0.03459110620771099,-0.05466279691421891,-0.0330842788678637,-0.032720034924126354,-0.05905001084361062,-0.02719785950608238,-0.05272506358360737,-0.03533388630399329,-0.0543224406487117,-0.052958540562486736,-0.0009838633395914968,-0.054238675558716434,0.01921174281827214,0.019882707936981766,0.02016829150561092,-0.003975381488221914
town_BUKIT_TIMAH,-0.005335472553923517,-0.010621877832121497,0.025260716463313033,-0.04424676076261634,-0.054877558463914684,0.060115773309515265,-0.004243837935489029,-0.04807055324309011,-0.012127274063654,-0.006942574704368217,-0.009923743660677973,-0.010086141144065032,-0.009954228696895181,1.0,-0.004630852702951416,-0.011106917387789043,-0.007726846749728792,-0.008074174734540385,-0.011628280939905335,-0.007344797909975366,-0.01351887547875828,-0.008930066073716285,-0.004003703921793507,-0.008889373043449667,-0.014047483490438585,-0.008502141994649869,-0.008408537000485673,-0.015174928822935555,-0.006989424324308275,-0.013549516344458836,-0.009080255905809218,-0.013960017255805788,-0.01360951627478342,-0.006547134105158526,-0.007140523348511875,-0.0034486698532649185,-0.002197655137596774,0.02492251972034974,-0.0010216108391165487
town_CENTRAL_AREA,-0.006331579900183951,0.11693931200030291,-0.058910770847083786,-0.02991577547412062,-0.09294533017349807,-0.09957743801419046,0.03795476666629001,-0.0919113130023445,-0.021953808124416076,-0.012568030717300817,-0.017964792669720783,-0.018258778207727498,-0.018019979237803522,-0.004630852702951416,1.0,-0.020106672934527642,-0.013987785718367791,-0.014616547952549434,-0.021050488941829974,-0.01329616888196488,-0.02447300166226474,-0.016165954203039384,-0.007247840464780282,-0.016092288268403716,-0.025429932197564255,-0.015391290162765813,-0.015221838555538875,-0.027470928250798075,-0.012652841826661744,-0.02452847032594177,-0.01643784042732116,-0.025271593487446245,-0.02463708722953503,0.015738323164064198,0.036064765333298845,-0.002720572742185372,-0.021295565960808664,-0.025647847125301923,-0.0018494055813422588
town_CHOA_CHU_KANG,0.007726447402244946,-0.016291703942397078,0.10294705054347197,0.0772145521256791,0.003750311457819777,-0.17085812078973173,0.007278548972440355,-0.05474541025972427,-0.05265534207768292,-0.030143925505401202,-0.043087845990906114,-0.0437929586976371,-0.04322020879575756,-0.011106917387789043,-0.020106672934527642,1.0,-0.03354915182532054,-0.03505721322126262,-0.05048876668015418,-0.03189033614736981,-0.05869752832361972,-0.03877340294445144,-0.017383659219149965,-0.03859671810846722,-0.060992688434122075,-0.03691540182661896,-0.03650897883642174,-0.06588793689184604,-0.030347341602968352,-0.05883056772361495,-0.03942551131966589,-0.06061291928891408,-0.059091081078825936,-0.013920627816670113,-0.08931822116750214,0.028509605508557953,0.04670067063014238,0.021825680123264125,-0.004435726274643285
town_CLEMENTI,-0.0014513764667493181,0.04212332706036734,-0.07081529136091244,-0.07479205897751615,-0.02611090957529975,-0.06155099496177806,0.03771938245206795,-0.12532583486670598,-0.036631204193171465,-0.02097048935211709,-0.02997530017767886,-0.03046583212601026,-0.030067382172415523,-0.007726846749728792,-0.013987785718367791,-0.03354915182532054,1.0,-0.024388559361310243,-0.03512396366153405,-0.022185430178760783,-0.04083462495571477,-0.02697383369814442,-0.012093442856030768,-0.026850917806815172,-0.04243131914373801,-0.025681261745273166,-0.025398521894855804,-0.04583683962381969,-0.021112001614921317,-0.04092717764333822,-0.02742749165773658,-0.04216712180771511,-0.04110841125674083,-0.008772242367504925,0.0858823465915577,-0.020730116079284534,-0.04361542457208902,-0.023853123270740458,-0.003085840647882661
town_GEYLANG,-0.0024195797160732947,-0.028930785577090664,-0.0902520484163703,-0.13028401952379792,-0.13272465109344225,0.1480295936760799,0.12650655360163535,-0.14578296175219507,-0.03827780632541716,-0.021913129738693415,-0.03132271406358196,-0.03183529581807945,-0.03141893521814773,-0.008074174734540385,-0.014616547952549434,-0.03505721322126262,-0.024388559361310243,1.0,-0.036702814117909016,-0.023182683134041194,-0.04267017423678375,-0.02818632924833193,-0.012637052852794869,-0.0280578881886857,-0.04433864111457955,-0.026835655145104154,-0.026540205910684823,-0.04789724248313776,-0.022061003091689197,-0.042766887242260604,-0.028660379498595547,-0.0440625678955108,-0.042956267452558275,0.020489837558286015,0.07784942731895643,-0.020600738031022213,-0.045875494008735994,-0.021517828348405724,-0.003224551670424326
town_HOUGANG,0.00817561268023618,-0.044769027412552745,0.031153772712603015,-0.02127233897289796,0.06943892312204161,-0.050868889231025304,-0.01490170413022402,-0.0044326407077073735,-0.05512700682722841,-0.03155889453123561,-0.04511040829640648,-0.04584861930148603,-0.04524898426911586,-0.011628280939905335,-0.021050488941829974,-0.05048876668015418,-0.03512396366153405,-0.036702814117909016,1.0,-0.03338728245132371,-0.061452815933923065,-0.040593443409410804,-0.018199655773624864,-0.04040846491007593,-0.06385571186221445,-0.038648226907794035,-0.03822272624497064,-0.06898074542009694,-0.031771859069246074,-0.061592100261447756,-0.04127616203650842,-0.063458116187502,-0.061864842227308085,-0.012646964765907941,-0.016098119031094586,0.015177309402235353,-0.01402130587687314,0.02736506655317938,-0.004643941202874041
town_JURONG_EAST,-0.011905330059084002,0.007142927753057501,0.0036711341471692216,-0.06086132485440673,0.032864771988941194,0.17408850078035232,0.08555259210063845,-0.1132717235898993,-0.03481999846927681,-0.01993361734138182,-0.028493191236595678,-0.028959469156371452,-0.028580720297854953,-0.007344797909975366,-0.01329616888196488,-0.03189033614736981,-0.022185430178760783,-0.023182683134041194,-0.03338728245132371,1.0,-0.03881558386542141,-0.025640130286925623,-0.011495490552662932,-0.025523291890749762,-0.04033333056273738,-0.024411468701489546,-0.024142708736438992,-0.043570467329473186,-0.020068132623714485,-0.038903560346467365,-0.02607135742800651,-0.04008219628968958,-0.03907583298342357,0.0005492105580049109,0.03486916275790159,-0.0369933213346067,-0.001081204008532424,0.014853850721641831,-0.0029332632929313933
town_JURONG_WEST,-0.027793572352083552,-0.03553615425893107,0.052521663046363805,0.003219292402381555,0.014388380629826263,-0.037984379222347514,-0.023729198330873714,-0.1074230238069888,-0.06408988092611775,-0.03668992584715827,-0.05244472469376441,-0.05330295840055949,-0.05260583116591469,-0.01351887547875828,-0.02447300166226474,-0.05869752832361972,-0.04083462495571477,-0.04267017423678375,-0.061452815933923065,-0.03881558386542141,1.0,-0.04719336499882814,-0.02115866321354196,-0.04697831160342909,-0.07423775033765051,-0.04493188371879289,-0.044437202647138234,-0.08019604209647024,-0.03693751541655631,-0.07160610740425508,-0.04798708404934264,-0.07377551121175548,-0.07192319336849633,-0.00908334187357479,-0.031075851322388763,-0.025874158943229236,0.042920255859572806,0.03353383727252026,-0.005398980569593975
town_KALLANG_WHAMPOA,-0.0015362278007363189,0.05853231601286609,-0.07740197869928456,-0.078275551853875,-0.12655648722380958,0.11795345625569027,0.157576500665553,-0.15832954920415096,-0.0423353904121772,-0.02423599970054373,-0.03464303354735837,-0.035209950797274375,-0.034749454487728926,-0.008930066073716285,-0.016165954203039384,-0.03877340294445144,-0.02697383369814442,-0.02818632924833193,-0.040593443409410804,-0.025640130286925623,-0.04719336499882814,1.0,-0.013976625557749138,-0.031032124477323085,-0.049038695320549074,-0.02968033036888446,-0.029353562461136563,-0.0529745211350819,-0.02439954815672738,-0.04730032992806051,-0.031698482016418096,-0.048733357354934594,-0.0475097851165609,-0.002468171660242772,0.08021230940253705,-0.023749871288875818,-0.028878182058969217,-0.03616381102921959,-0.0035663656561479504
town_MARINE_PARADE,0.001400343944636048,0.010447902198494242,-0.03515486361633567,-0.11720033219983574,0.19898138065097074,0.0382309241750747,-0.034312166787464966,-0.07311040051912053,-0.018980639921889527,-0.010865962944580056,-0.015531850283237834,-0.01578602184233732,-0.015579563024980488,-0.004003703921793507,-0.007247840464780282,-0.017383659219149965,-0.012093442856030768,-0.012637052852794869,-0.018199655773624864,-0.011495490552662932,-0.02115866321354196,-0.013976625557749138,1.0,-0.013912936079736959,-0.021985998217011363,-0.013306872997030223,-0.013160369942857075,-0.0237505855245474,-0.010939288224597143,-0.021206619847135313,-0.014211690676910835,-0.021849103058530883,-0.021300526941742903,-0.007636777532276671,0.045703206784694944,-0.02831958734057194,0.003430639600070973,-0.022552272933508203,-0.0015989436188043127
town_PASIR_RIS,-0.0029180219729620102,-0.0549166572256716,0.1679406178252378,-0.0013769319030027393,0.10182774047401022,-0.04951559342748549,-0.04205098628833766,0.17425424156198896,-0.042142474110194846,-0.024125559726055706,-0.03448517021230138,-0.03504950410162155,-0.03459110620771099,-0.008889373043449667,-0.016092288268403716,-0.03859671810846722,-0.026850917806815172,-0.0280578881886857,-0.04040846491007593,-0.025523291890749762,-0.04697831160342909,-0.031032124477323085,-0.013912936079736959,1.0,-0.04881523301954905,-0.02954508136041764,-0.029219802487156204,-0.05273312384035692,-0.024288362915381945,-0.04708478910882112,-0.03155403658035346,-0.0485112864352487,-0.04729328984006902,-0.012393419331933136,-0.08884486622344664,-0.008914876233121963,0.027693012356940206,0.12147627729909397,-0.0035501142393735276
town_PUNGGOL,0.03773358222743015,0.03804300785099089,-0.013688655533734044,0.3236881405845624,0.09224605351150572,-0.12367372322561279,-0.1240492191718991,0.6712264833965307,-0.06659588999309879,-0.038124556174305574,-0.05449539094089599,-0.05538718285407047,-0.05466279691421891,-0.014047483490438585,-0.025429932197564255,-0.060992688434122075,-0.04243131914373801,-0.04433864111457955,-0.06385571186221445,-0.04033333056273738,-0.07423775033765051,-0.049038695320549074,-0.021985998217011363,-0.04881523301954905,1.0,-0.04668878678006902,-0.04617476294738878,-0.08333182586959985,-0.038381826861796205,-0.07440601203527288,-0.04986344995903062,-0.07666024273795409,-0.07473549652935686,0.015969577399311916,-0.09297762300019485,0.06629444046133777,0.04695182395007554,-0.05773461357435353,-0.005610088689383944
town_QUEENSTOWN,0.0027440317342678484,0.14509484114077378,-0.10241939618420093,-0.0330263101454813,-0.12382163499587787,0.0429288994633098,0.2089063140699618,-0.1408653723828508,-0.040306700724494125,-0.02307462331581118,-0.03298295756309777,-0.033522708435959836,-0.0330842788678637,-0.008502141994649869,-0.015391290162765813,-0.03691540182661896,-0.025681261745273166,-0.026835655145104154,-0.038648226907794035,-0.024411468701489546,-0.04493188371879289,-0.02968033036888446,-0.013306872997030223,-0.02954508136041764,-0.04668878678006902,1.0,-0.027946955155007315,-0.0504360098873924,-0.02323033461581722,-0.04503372294475911,-0.03017950739599354,-0.04639808044950165,-0.04523314115056548,0.015418919622379082,0.07638719188824007,-0.00949431261317573,-0.043453474973470615,-0.041458535418711674,-0.003395467285808605
town_SEMBAWANG,0.014417263030349884,-0.002729894051209124,0.02775920678082246,0.1227596537402847,-0.03802963843112047,-0.044304415837341,0.033880548638940446,0.07344934062784843,-0.039862940965076726,-0.022820581454104392,-0.032619829124152615,-0.033153637567760415,-0.032720034924126354,-0.008408537000485673,-0.015221838555538875,-0.03650897883642174,-0.025398521894855804,-0.026540205910684823,-0.03822272624497064,-0.024142708736438992,-0.044437202647138234,-0.029353562461136563,-0.013160369942857075,-0.029219802487156204,-0.04617476294738878,-0.027946955155007315,1.0,-0.049880730710200355,-0.02297457843843154,-0.04453792066621858,-0.029847243759905377,-0.04588725717079884,-0.04473514336176255,0.032550311145601994,-0.07269894899384266,0.010250340164097012,0.03051143721707862,0.03309461442816173,-0.0033580846243954515
town_SENGKANG,0.011678865874355654,0.07415276934532351,0.030197603902956362,0.27199966399828757,0.21873726268840732,-0.134203317938727,-0.11431097869604678,0.3841144399095609,-0.0719408491373679,-0.04118441760368451,-0.0588691689347086,-0.05983253570545196,-0.05905001084361062,-0.015174928822935555,-0.027470928250798075,-0.06588793689184604,-0.04583683962381969,-0.04789724248313776,-0.06898074542009694,-0.043570467329473186,-0.08019604209647024,-0.0529745211350819,-0.0237505855245474,-0.05273312384035692,-0.08333182586959985,-0.0504360098873924,-0.049880730710200355,1.0,-0.0414623367323004,-0.08037780840976083,-0.05386547024663293,-0.08281296275516023,-0.08073373719582336,0.010099448561431117,-0.12125562212126316,0.050630677503980315,0.0639940543788911,-0.007696337919575384,-0.0060603521342239165
town_SERANGOON,-0.01568248324505187,-0.04795099661922775,0.022812861526631242,-0.07397150197830235,0.08853818945130099,0.034705082685826186,0.018448254033865893,-0.050070055531396866,-0.03313525399289846,-0.018969141373934923,-0.02711456548528823,-0.02755828283113066,-0.02719785950608238,-0.006989424324308275,-0.012652841826661744,-0.030347341602968352,-0.021112001614921317,-0.022061003091689197,-0.031771859069246074,-0.020068132623714485,-0.03693751541655631,-0.02439954815672738,-0.010939288224597143,-0.024288362915381945,-0.038381826861796205,-0.02323033461581722,-0.02297457843843154,-0.0414623367323004,1.0,-0.03702123520900183,-0.024809910634512475,-0.0381428435680124,-0.037185172539059175,-0.011225803776186769,-0.006204301499157795,0.006113670008338973,-0.02176271652242313,0.04008487730673056,-0.0027913391301577187
town_TAMPINES,-0.00035998174181370003,-0.09309383068918652,0.0815434505172162,-0.0651840230173224,-0.10585584630156268,0.023626953089981226,-0.03130859568257228,-0.055270123141026,-0.0642351422266815,-0.036773084471719994,-0.05256359195965298,-0.0534237708743748,-0.05272506358360737,-0.013549516344458836,-0.02452847032594177,-0.05883056772361495,-0.04092717764333822,-0.042766887242260604,-0.061592100261447756,-0.038903560346467365,-0.07160610740425508,-0.04730032992806051,-0.021206619847135313,-0.04708478910882112,-0.07440601203527288,-0.04503372294475911,-0.04453792066621858,-0.08037780840976083,-0.03702123520900183,1.0,-0.04809584796243867,-0.07394272523296468,-0.07208620906549128,-0.022027299751426577,-0.015202430549639323,-0.009627271614311612,0.012554245647758552,0.03155866527297012,0.01945325717009849
town_TOA_PAYOH,-0.0062594956578061875,0.05696050974242459,-0.08258365030038292,-0.1290541903084581,-0.07695748629209848,0.04881182649255418,0.008183067754716488,-0.15368278669270682,-0.043047405880495236,-0.024643611547486163,-0.03522567552880851,-0.03580212744575483,-0.03533388630399329,-0.009080255905809218,-0.01643784042732116,-0.03942551131966589,-0.02742749165773658,-0.028660379498595547,-0.04127616203650842,-0.02607135742800651,-0.04798708404934264,-0.031698482016418096,-0.014211690676910835,-0.03155403658035346,-0.04986344995903062,-0.03017950739599354,-0.029847243759905377,-0.05386547024663293,-0.024809910634512475,-0.04809584796243867,1.0,-0.04955297668339503,-0.048308825861670936,0.02044339671859351,0.08889221287542212,-0.04140337772956895,-0.025588673181114407,-0.03357868182034731,-0.0036263463835757258
town_WOODLANDS,-0.0038072553654499605,-0.06694740059045061,0.10328696967991947,0.054499056121343474,-0.05142185794428888,-0.13813260584897022,-0.06064589051775162,0.044920455967963305,-0.06618123268144199,-0.03788717476874076,-0.05415607702366275,-0.055042316221234885,-0.0543224406487117,-0.013960017255805788,-0.025271593487446245,-0.06061291928891408,-0.04216712180771511,-0.0440625678955108,-0.063458116187502,-0.04008219628968958,-0.07377551121175548,-0.048733357354934594,-0.021849103058530883,-0.0485112864352487,-0.07666024273795409,-0.04639808044950165,-0.04588725717079884,-0.08281296275516023,-0.0381428435680124,-0.07394272523296468,-0.04955297668339503,1.0,-0.07427015820172926,-0.01106957533059221,-0.07646119479639292,0.01542805055993048,0.03867350341212866,0.03749130501713256,-0.005575157640420473
town_YISHUN,0.015283249540518752,-0.08435395567910148,-0.04849407682977191,0.0009250656399047584,0.05565053528904411,-0.042911910130435965,-0.08753328267715052,-0.03737304823300971,-0.06451958810356843,-0.03693592294137703,-0.0527963539103381,-0.05366034186692031,-0.052958540562486736,-0.01360951627478342,-0.02463708722953503,-0.059091081078825936,-0.04110841125674083,-0.042956267452558275,-0.061864842227308085,-0.03907583298342357,-0.07192319336849633,-0.0475097851165609,-0.021300526941742903,-0.04729328984006902,-0.07473549652935686,-0.04523314115056548,-0.04473514336176255,-0.08073373719582336,-0.037185172539059175,-0.07208620906549128,-0.048308825861670936,-0.07427015820172926,1.0,0.0016673423303971127,0.024451913857695913,0.03588230813454109,-0.05098586180828463,-0.0266029440896387,0.0389436309511381
flat_type_2_ROOM,0.03217761276868506,0.0005466602524345721,-0.2769957762872464,0.03801347578767201,0.03484801067615202,0.011361142347394167,0.023725070014197436,0.008123012157015982,-0.005862037421147756,-0.017768775606159415,-0.009748280161467409,0.022364741623841538,-0.0009838633395914968,-0.006547134105158526,0.015738323164064198,-0.013920627816670113,-0.008772242367504925,0.020489837558286015,-0.012646964765907941,0.0005492105580049109,-0.00908334187357479,-0.002468171660242772,-0.007636777532276671,-0.012393419331933136,0.015969577399311916,0.015418919622379082,0.032550311145601994,0.010099448561431117,-0.011225803776186769,-0.022027299751426577,0.02044339671859351,-0.01106957533059221,0.0016673423303971127,1.0,-0.07243210033728073,-0.11037218385197427,-0.0743937863955541,-0.03687903954837652,-0.002614703410488369
flat_type_3_ROOM,-0.012808152296948943,-0.08986357132768227,-0.6771488321645968,-0.38337467638173145,-0.07586254933095687,0.14362091208234534,0.12205436373122575,-0.29883978250204835,0.09885152107254368,-0.042017255298009405,0.04107392354190136,0.055134824513977214,-0.054238675558716434,-0.007140523348511875,0.036064765333298845,-0.08931822116750214,0.0858823465915577,0.07784942731895643,-0.016098119031094586,0.03486916275790159,-0.031075851322388763,0.08021230940253705,0.045703206784694944,-0.08884486622344664,-0.09297762300019485,0.07638719188824007,-0.07269894899384266,-0.12125562212126316,-0.006204301499157795,-0.015202430549639323,0.08889221287542212,-0.07646119479639292,0.024451913857695913,-0.07243210033728073,1.0,-0.47709244186726096,-0.321572990336135,-0.15941254777972774,-0.011302261052854394
flat_type_4_ROOM,0.014799713807446277,0.04823094573588804,-0.0746511949165222,0.22704936419042634,0.03185162502555746,-0.05836971577768303,-0.045829453611426554,0.12069515311857454,-0.0389132166473146,0.01714128242296395,-0.002107683850308405,-0.01630678229593757,0.01921174281827214,-0.0034486698532649185,-0.002720572742185372,0.028509605508557953,-0.020730116079284534,-0.020600738031022213,0.015177309402235353,-0.0369933213346067,-0.025874158943229236,-0.023749871288875818,-0.02831958734057194,-0.008914876233121963,0.06629444046133777,-0.00949431261317573,0.010250340164097012,0.050630677503980315,0.006113670008338973,-0.009627271614311612,-0.04140337772956895,0.01542805055993048,0.03588230813454109,-0.11037218385197427,-0.47709244186726096,1.0,-0.49001358577110266,-0.24291316902206647,-0.017222408698072907
flat_type_5_ROOM,-0.0004432079775948982,0.07928342230733341,0.49139540830250394,0.13298648912451022,0.03194208819549076,-0.06663943674185448,-0.0408750822889792,0.13315245459462788,-0.03707665244745474,0.016783646955038655,-0.04120874839023425,-0.01187401221983028,0.019882707936981766,-0.002197655137596774,-0.021295565960808664,0.04670067063014238,-0.04361542457208902,-0.045875494008735994,-0.01402130587687314,-0.001081204008532424,0.042920255859572806,-0.028878182058969217,0.003430639600070973,0.027693012356940206,0.04695182395007554,-0.043453474973470615,0.03051143721707862,0.0639940543788911,-0.02176271652242313,0.012554245647758552,-0.025588673181114407,0.03867350341212866,-0.05098586180828463,-0.0743937863955541,-0.321572990336135,-0.49001358577110266,1.0,-0.16372993428427818,-0.011608361356877664
flat_type_EXECUTIVE,-0.02162772556599983,-0.0742915613142348,0.562748780336487,-0.0388465292356465,-0.006936050303137959,-0.021011568030407872,-0.0567441103774668,0.03638390330754088,-0.02263037899458876,0.01568055322153839,0.010369671002812388,-0.05650337234084195,0.02016829150561092,0.02492251972034974,-0.025647847125301923,0.021825680123264125,-0.023853123270740458,-0.021517828348405724,0.02736506655317938,0.014853850721641831,0.03353383727252026,-0.03616381102921959,-0.022552272933508203,0.12147627729909397,-0.05773461357435353,-0.041458535418711674,0.03309461442816173,-0.007696337919575384,0.04008487730673056,0.03155866527297012,-0.03357868182034731,0.03749130501713256,-0.0266029440896387,-0.03687903954837652,-0.15941254777972774,-0.24291316902206647,-0.16372993428427818,1.0,-0.00575458298756155
flat_type_MULTI_GENERATION,-0.000821860619694637,-0.006668520553444843,0.05402037361629614,-0.01234470192838573,-0.008621148566547929,-0.002057222722290457,-0.00470239035775991,-0.0006216927286552145,-0.004843222140383434,0.018370528739185238,-0.003963206798214666,-0.004028062847723685,-0.003975381488221914,-0.0010216108391165487,-0.0018494055813422588,-0.004435726274643285,-0.003085840647882661,-0.003224551670424326,-0.004643941202874041,-0.0029332632929313933,-0.005398980569593975,-0.0035663656561479504,-0.0015989436188043127,-0.0035501142393735276,-0.005610088689383944,-0.003395467285808605,-0.0033580846243954515,-0.0060603521342239165,-0.0027913391301577187,0.01945325717009849,-0.0036263463835757258,-0.005575157640420473,0.0389436309511381,-0.002614703410488369,-0.011302261052854394,-0.017222408698072907,-0.011608361356877664,-0.00575458298756155,1.0
